,Quantity
0,3
1,10
2,20
3,23
4,29
5,35
6,45
7,48
8,48
9,48
10,50
11,52
12,52
13,52
14,52
15,54
16,57
17,59
18,60
19,63
20,64
21,68
22,71
23,75
24,76
25,77
26,78
27,78
28,78
29,78
30,80
31,84
32,85
33,88
34,88
35,90
36,92
37,94
38,95
39,95
40,96
41,99
42,100
43,103
44,103
45,104
46,106
47,110
48,116
49,117
50,120
51,125
52,126
53,126
54,128
55,128
56,130
57,130
58,132
59,137
60,137
61,144
62,147
63,151
64,156
65,159
66,160
67,160
68,162
69,162
70,164
71,164
72,167
73,168
74,172
75,173
76,175
77,177
78,180
79,181
80,181
81,187
82,187
83,189
84,190
85,191
86,192
87,195
88,196
89,196
90,198
91,200
92,201
93,204
94,205
95,205
96,208
97,209
98,213
99,215
100,216
101,219
102,220
103,225
104,227
105,229
106,231
107,232
108,233
109,233
110,236
111,239
112,240
113,240
114,242
115,242
116,249
117,250
118,254
119,256
120,256
121,258
122,258
123,260
124,261
125,269
126,272
127,276
128,279
129,281
130,282
131,288
132,289
133,292
134,296
135,297
136,298
137,300
138,300
139,301
140,302
141,303
142,306
143,307
144,316
145,317
146,325
147,330
148,339
149,342
150,345
151,347
152,348
153,349
154,350
155,351
156,351
157,352
158,354
159,356
160,357
161,358
162,360
163,363
164,367
165,373
166,374
167,377
168,379
169,386
170,388
171,391
172,401
173,407
174,408
175,413
176,416
177,433
178,435
179,439
180,439
181,440
182,442
183,444
184,453
185,457
186,463
187,466
188,468
189,471
190,473
191,475
192,477
193,483
194,485
195,488
196,494
197,495
198,496
199,496
200,502
201,502
202,503
203,504
204,505
205,505
206,517
207,521
208,523
209,526
210,526
211,530
212,532
213,539
214,542
215,546
216,551
217,557
218,559
219,564
220,571
221,573
222,582
223,592
224,592
225,611
226,612
227,622
228,624
229,630
230,631
231,639
232,645
233,646
234,652
235,664
236,674
237,675
238,682
239,687
240,703
241,734
242,740
243,743
244,751
245,758
246,772
247,788
248,794
249,800
250,808
251,816
252,817
253,824
254,842
255,846
256,846
257,849
258,856
259,862
260,866
261,868
262,877
263,885
264,891
265,894
266,897
267,914
268,919
269,935
270,942
271,948
272,964
273,970
274,991
275,1018
276,1019
277,1041
278,1056
279,1064
280,1066
281,1084
282,1095
283,1104
284,1109
285,1132
286,1136
287,1156
288,1157
289,1162
290,1166
291,1169
292,1173
293,1179
294,1188
295,1220
296,1231
297,1246
298,1250
299,1255
300,1306
301,1312
302,1338
303,1365
304,1377
305,1382
306,1388
307,1389
308,1403
309,1414
310,1462
311,1499
312,1507
313,1514
314,1515
315,1523
316,1538
317,1560
318,1563
319,1573
320,1582
321,1601
322,1612
323,1622
324,1629
325,1684
326,1685
327,1714
328,1741
329,1757
330,1772
331,1788
332,1800
333,1809
334,1901
335,1928
336,1930
337,1939
338,1975
339,1996
340,2023
341,2055
342,2056
343,2066
344,2084
345,2092
346,2118
347,2124
348,2135
349,2164
350,2165
351,2180
352,2262
353,2286
354,2332
355,2349
356,2350
357,2383
358,2442
359,2458
360,2529
361,2537
362,2652
363,2661
364,2708
365,2730
366,2861
367,2890
368,2944
369,2982
370,3028
371,3033
372,3046
373,3132
374,3258
375,3313
376,3337
377,3479
378,3620
379,3627
380,3669
381,3815
382,3946
383,3992
384,4045
385,4083
386,4278
387,4384
388,4618
389,4729
390,4850
391,4978
392,5234
393,5256
394,5505
395,5543
396,6454
397,6479
398,6612
399,7333
400,7442
401,7859
402,8359
403,10877
404,11071
405,11250
406,32321
407,57025
408,77180
409,77242
410,196651
